0, 10, 20, 40, 50, 70, 80, 160, 200, 230, 240, 290, 300, 450, 530, 540, 560, 570, 700, 790, 920, 1020, 1140, 1470, 1870, 1970, 2090, 2130, 2140, 2300, 2360, 2390, 2520, 2570, 2580, 2600, 2610, 2620
2660, 2670, 2680, 2700, 2710, 2730, 2740, 25, 39, 11, 21, 51, 71, 81, 101, 111, 121, 131, 141, 151, 211, 231, 401, 601, 841, 881, 901, 1011, 1071, 1091, 1161, 1201, 1351, 1431, 1491, 92, 1601, 2640
1721, 1751, 2101, 2551, 2571, 2591, 2601, 2621, 2631, 2641, 2651, 2661, 2671, 2711, 2721, 2731, 2741, 12, 22, 32, 62, 72, 102, 112, 142, 152, 162, 202, 322, 342, 382, 392, 452, 502, 542, 2592, 2739
662, 712, 802, 852, 872, 912, 1092, 1162, 1202, 1232, 1312, 1372, 1402, 1472, 1502, 1572, 1582, 1732, 1802, 1822, 2272, 2352, 2462, 2492, 2542, 2582, 139, 652, 2602, 2622, 2632, 2652, 3, 2662, 2672
2682, 2712, 2722, 2732, 2742, 2583, 23, 33, 63, 73, 103, 2633, 133, 153, 213, 263, 283, 313, 373, 403, 443, 543, 583, 643, 673, 703, 763, 783, 863, 933, 953, 983, 1143, 1203, 1353, 1493, 1523, 1603
2483, 36, 13, 113, 2623, 2633, 2643, 2653, 2673, 15, 2703, 2723, 2733, 4, 14, 24, 34, 54, 64, 74, 94, 104, 114, 124, 204, 234, 264, 334, 374, 394, 664, 704, 714, 724, 744, 864, 894, 904, 2583, 2683
934, 944, 956, 1254, 1444, 1514, 1584, 1944, 1954, 1964, 2024, 2044, 2141, 2693, 2444, 2574, 2634, 2644, 2654, 2684, 2704, 2724, 2734, 45, 55, 95, 105, 215, 225, 295, 345, 435, 445, 585, 2694, 1004
605, 705, 725, 735, 785, 875, 925, 46, 1125, 1345, 1575, 1615, 1675, 1805, 1925, 1965, 2095, 2145, 2215, 2275, 2305, 2405, 35, 2575, 2595, 2605, 2625, 2635, 2645, 2665, 2675, 2685, 2695, 2705, 2715
2725, 2735, 6, 16, 1035, 26, 86, 106, 136, 146, 206, 216, 226, 236, 326, 416, 486, 496, 516, 646, 2729, 946, 1046, 1146, 1326, 2729, 1376, 1396, 1406, 1416, 1456, 1466, 1926, 2306, 2316, 2336, 2366
2646, 2466, 2566, 2576, 2586, 2596, 2606, 2616, 2626, 2636, 2656, 2666, 2676, 2696, 2706, 2716, 2726, 7, 17, 27, 108, 67, 77, 87, 97, 137, 207, 337, 347, 377, 427, 437, 2, 567, 767, 837, 2659, 1027
1137, 1187, 1207, 1547, 1557, 1657, 1697, 1857, 2187, 2477, 2547, 2567, 2587, 2597, 2627, 2637, 2657, 2667, 2677, 2697, 2707, 2727, 8, 18, 28, 48, 58, 68, 78, 88, 98, 118, 128, 138, 148, 2649, 2717
9, 198, 208, 228, 238, 258, 328, 338, 518, 688, 768, 808, 958, 1218, 1268, 849, 1348, 1448, 1498, 1768, 1998, 2038, 2218, 2328, 2348, 849, 2578, 2588, 2618, 2628, 2648, 2658, 2678, 2698, 2708, 2718
19, 2619, 438, 49, 59, 79, 109, 119, 129, 169, 209, 219, 239, 279, 299, 309, 319, 389, 399, 459, 509, 649, 739, 769, 839, 1318, 2448, 1, 859, 879, 929, 989, 1049, 1129, 1319, 1359, 1489, 1539, 1569
1579, 1639, 1679, 1799, 1979, 2369, 2399, 2419, 2439, 2579, 2609, 2629, 2639, 2679, 2719, 2729, 956, 746, 168, 547, 199, 5, 1047, 38, 1282, 287, 189, 75, 56, 1647, 135, 76, 332, 53, 847, 1337, 1631
1658, 799, 1048, 2859, 2864, 197, 905, 896, 1081, 880, 316, 557, 456, 1512, 706, 155, 31, 229, 343, 42, 1420, 1458, 268, 2009, 41, 122, 274, 2251, 1757, 584, 595, 1148, 1683, 1378, 1068, 1581, 1661
84, 1095, 380, 577, 1280, 1934, 620, 1251, 1075, 1633, 1211, 134, 1193, 125, 1174, 167, 1269, 550, 2356, 1141, 289, 383, 205, 1517, 1361, 1070, 596, 1729, 619, 2050, 844, 242, 1045, 779, 1425, 1731
823, 1220, 1789, 1356, 458, 610, 180, 1164, 1793, 2433, 515, 341, 1204, 1907, 1978, 626